
SUMMARISING RUN PARAMETERS
==========================
Input filename: NCPPB_4381.illumina.2.fastq.gz
Trimming mode: paired-end
Trim Galore version: 0.6.7
Cutadapt version: 3.5
Number of cores used for trimming: 1
Quality Phred score cutoff: 30
Quality encoding type selected: ASCII+33
Using Illumina adapter for trimming (count: 432799). Second best hit was Nextera (count: 2)
Adapter sequence: 'AGATCGGAAGAGC' (Illumina TruSeq, Sanger iPCR; auto-detected)
Maximum trimming error rate: 0.1 (default)
Minimum required adapter overlap (stringency): 1 bp
Minimum required sequence length for both reads before a sequence pair gets removed: 20 bp
Output file will be GZIP compressed


This is cutadapt 3.5 with Python 3.10.12
Command line parameters: -j 1 -e 0.1 -q 30 -O 1 -a AGATCGGAAGAGC NCPPB_4381.illumina.2.fastq.gz
Processing reads on 1 core in single-end mode ...
Finished in 72.54 s (26 µs/read; 2.26 M reads/minute).

=== Summary ===

Total reads processed:               2,738,362
Reads with adapters:                 1,660,406 (60.6%)
Reads written (passing filters):     2,738,362 (100.0%)

Total basepairs processed:   410,754,300 bp
Quality-trimmed:               5,725,584 bp (1.4%)
Total written (filtered):    336,024,371 bp (81.8%)

=== Adapter 1 ===

Sequence: AGATCGGAAGAGC; Type: regular 3'; Length: 13; Trimmed: 1660406 times

Minimum overlap: 1
No. of allowed errors:
1-9 bp: 0; 10-13 bp: 1

Bases preceding removed adapters:
  A: 13.5%
  C: 34.6%
  G: 33.7%
  T: 18.2%
  none/other: 0.0%

Overview of removed sequences
length	count	expect	max.err	error counts
1	258862	684590.5	0	258862
2	81807	171147.6	0	81807
3	23534	42786.9	0	23534
4	15000	10696.7	0	15000
5	13372	2674.2	0	13372
6	12325	668.5	0	12325
7	11843	167.1	0	11843
8	11643	41.8	0	11643
9	11610	10.4	0	11521 89
10	11902	2.6	1	11765 137
11	12088	0.7	1	11919 169
12	12410	0.2	1	12229 181
13	11899	0.0	1	11727 172
14	12345	0.0	1	12156 189
15	12701	0.0	1	12519 182
16	12404	0.0	1	12231 173
17	13250	0.0	1	12995 255
18	13608	0.0	1	13249 359
19	37859	0.0	1	37475 384
20	10177	0.0	1	9971 206
21	8177	0.0	1	8014 163
22	10724	0.0	1	10515 209
23	13040	0.0	1	12832 208
24	19244	0.0	1	19013 231
25	9188	0.0	1	9025 163
26	13926	0.0	1	13631 295
27	29950	0.0	1	29683 267
28	8264	0.0	1	8059 205
29	19135	0.0	1	18928 207
30	13613	0.0	1	13427 186
31	14124	0.0	1	13920 204
32	12436	0.0	1	12170 266
33	33565	0.0	1	33274 291
34	9096	0.0	1	8922 174
35	9418	0.0	1	9227 191
36	18336	0.0	1	18138 198
37	11099	0.0	1	10911 188
38	13252	0.0	1	13085 167
39	11163	0.0	1	10948 215
40	24078	0.0	1	23872 206
41	3792	0.0	1	3630 162
42	14721	0.0	1	14500 221
43	16338	0.0	1	16160 178
44	11816	0.0	1	11548 268
45	28277	0.0	1	28038 239
46	7688	0.0	1	7529 159
47	11804	0.0	1	11628 176
48	18482	0.0	1	18260 222
49	13255	0.0	1	13067 188
50	13890	0.0	1	13662 228
51	13594	0.0	1	13364 230
52	24346	0.0	1	24157 189
53	4382	0.0	1	4211 171
54	16748	0.0	1	16543 205
55	16774	0.0	1	16583 191
56	10062	0.0	1	9806 256
57	30722	0.0	1	30442 280
58	24807	0.0	1	24625 182
59	6222	0.0	1	6058 164
60	12339	0.0	1	12176 163
61	7403	0.0	1	7254 149
62	13701	0.0	1	13561 140
63	4059	0.0	1	3919 140
64	12550	0.0	1	12400 150
65	6163	0.0	1	6021 142
66	9358	0.0	1	9204 154
67	14121	0.0	1	13975 146
68	5611	0.0	1	5511 100
69	4236	0.0	1	4124 112
70	13404	0.0	1	13274 130
71	1983	0.0	1	1863 120
72	8430	0.0	1	8267 163
73	10785	0.0	1	10577 208
74	13938	0.0	1	13759 179
75	11329	0.0	1	11257 72
76	907	0.0	1	829 78
77	3073	0.0	1	2967 106
78	7029	0.0	1	6920 109
79	8199	0.0	1	8068 131
80	8585	0.0	1	8456 129
81	8382	0.0	1	8237 145
82	8185	0.0	1	8041 144
83	8528	0.0	1	8407 121
84	8956	0.0	1	8844 112
85	8652	0.0	1	8514 138
86	8541	0.0	1	8422 119
87	8431	0.0	1	8314 117
88	8332	0.0	1	8230 102
89	8159	0.0	1	8052 107
90	8178	0.0	1	8061 117
91	8138	0.0	1	8029 109
92	7896	0.0	1	7790 106
93	7824	0.0	1	7720 104
94	7518	0.0	1	7406 112
95	7726	0.0	1	7614 112
96	7474	0.0	1	7363 111
97	7419	0.0	1	7319 100
98	7266	0.0	1	7169 97
99	7175	0.0	1	7091 84
100	6937	0.0	1	6840 97
101	6901	0.0	1	6804 97
102	6580	0.0	1	6483 97
103	6516	0.0	1	6417 99
104	6365	0.0	1	6264 101
105	6159	0.0	1	6068 91
106	6020	0.0	1	5925 95
107	5793	0.0	1	5717 76
108	5769	0.0	1	5684 85
109	5734	0.0	1	5661 73
110	5629	0.0	1	5557 72
111	5463	0.0	1	5377 86
112	5140	0.0	1	5056 84
113	5049	0.0	1	4974 75
114	4935	0.0	1	4855 80
115	4818	0.0	1	4730 88
116	4710	0.0	1	4638 72
117	4666	0.0	1	4595 71
118	4711	0.0	1	4640 71
119	4734	0.0	1	4663 71
120	4508	0.0	1	4432 76
121	4069	0.0	1	4006 63
122	3824	0.0	1	3779 45
123	3541	0.0	1	3484 57
124	2924	0.0	1	2878 46
125	2374	0.0	1	2330 44
126	1875	0.0	1	1835 40
127	1536	0.0	1	1518 18
128	1176	0.0	1	1156 20
129	587	0.0	1	578 9
130	242	0.0	1	231 11
131	88	0.0	1	84 4
132	34	0.0	1	34
133	23	0.0	1	22 1
134	26	0.0	1	26
135	25	0.0	1	24 1
136	22	0.0	1	21 1
137	27	0.0	1	24 3
138	32	0.0	1	32
139	30	0.0	1	27 3
140	21	0.0	1	19 2
141	35	0.0	1	35
142	25	0.0	1	24 1
143	23	0.0	1	21 2
144	25	0.0	1	21 4
145	51	0.0	1	50 1
146	40	0.0	1	38 2
147	71	0.0	1	71
148	61	0.0	1	60 1
149	38	0.0	1	36 2
150	254	0.0	1	97 157

RUN STATISTICS FOR INPUT FILE: NCPPB_4381.illumina.2.fastq.gz
=============================================
2738362 sequences processed in total

Total number of sequences analysed for the sequence pair length validation: 2738362

Number of sequence pairs removed because at least one read was shorter than the length cutoff (20 bp): 15649 (0.57%)
