
SUMMARISING RUN PARAMETERS
==========================
Input filename: NCPPB_4395.illumina.1.fastq.gz
Trimming mode: paired-end
Trim Galore version: 0.6.7
Cutadapt version: 3.5
Number of cores used for trimming: 1
Quality Phred score cutoff: 30
Quality encoding type selected: ASCII+33
Using Illumina adapter for trimming (count: 355865). Second best hit was smallRNA (count: 0)
Adapter sequence: 'AGATCGGAAGAGC' (Illumina TruSeq, Sanger iPCR; auto-detected)
Maximum trimming error rate: 0.1 (default)
Minimum required adapter overlap (stringency): 1 bp
Minimum required sequence length for both reads before a sequence pair gets removed: 20 bp
Output file will be GZIP compressed


This is cutadapt 3.5 with Python 3.10.12
Command line parameters: -j 1 -e 0.1 -q 30 -O 1 -a AGATCGGAAGAGC NCPPB_4395.illumina.1.fastq.gz
Processing reads on 1 core in single-end mode ...
Finished in 98.36 s (28 µs/read; 2.11 M reads/minute).

=== Summary ===

Total reads processed:               3,465,104
Reads with adapters:                 1,939,810 (56.0%)
Reads written (passing filters):     3,465,104 (100.0%)

Total basepairs processed:   519,765,600 bp
Quality-trimmed:              11,085,418 bp (2.1%)
Total written (filtered):    456,083,604 bp (87.7%)

=== Adapter 1 ===

Sequence: AGATCGGAAGAGC; Type: regular 3'; Length: 13; Trimmed: 1939810 times

Minimum overlap: 1
No. of allowed errors:
1-9 bp: 0; 10-13 bp: 1

Bases preceding removed adapters:
  A: 13.6%
  C: 34.1%
  G: 35.7%
  T: 16.6%
  none/other: 0.0%

Overview of removed sequences
length	count	expect	max.err	error counts
1	370714	866276.0	0	370714
2	122797	216569.0	0	122797
3	39846	54142.2	0	39846
4	26883	13535.6	0	26883
5	23733	3383.9	0	23733
6	22539	846.0	0	22539
7	21567	211.5	0	21567
8	21380	52.9	0	21380
9	21762	13.2	0	21648 114
10	21164	3.3	1	20940 224
11	21609	0.8	1	21416 193
12	21430	0.2	1	21203 227
13	21222	0.1	1	20984 238
14	21285	0.1	1	21037 248
15	20822	0.1	1	20588 234
16	20800	0.1	1	20580 220
17	21072	0.1	1	20832 240
18	20270	0.1	1	20052 218
19	20019	0.1	1	19808 211
20	19936	0.1	1	19688 248
21	20368	0.1	1	20159 209
22	19541	0.1	1	19337 204
23	19610	0.1	1	19409 201
24	19656	0.1	1	19440 216
25	19358	0.1	1	19137 221
26	18977	0.1	1	18751 226
27	19217	0.1	1	19010 207
28	19052	0.1	1	18835 217
29	18973	0.1	1	18776 197
30	18104	0.1	1	17914 190
31	17922	0.1	1	17725 197
32	18034	0.1	1	17832 202
33	17433	0.1	1	17236 197
34	17626	0.1	1	17451 175
35	17550	0.1	1	17373 177
36	17404	0.1	1	17199 205
37	17315	0.1	1	17133 182
38	17413	0.1	1	17218 195
39	16957	0.1	1	16760 197
40	16753	0.1	1	16568 185
41	17666	0.1	1	17457 209
42	18480	0.1	1	18266 214
43	19056	0.1	1	18401 655
44	98491	0.1	1	97804 687
45	38623	0.1	1	37946 677
46	84945	0.1	1	84499 446
47	13782	0.1	1	12254 1528
48	241224	0.1	1	240297 927
49	11012	0.1	1	10798 214
50	22134	0.1	1	22035 99
51	1381	0.1	1	1351 30
52	3363	0.1	1	3341 22
53	212	0.1	1	209 3
54	29	0.1	1	26 3
55	47	0.1	1	44 3
56	87	0.1	1	83 4
57	49	0.1	1	43 6
58	644	0.1	1	623 21
59	3460	0.1	1	3440 20
60	298	0.1	1	291 7
61	1069	0.1	1	1059 10
62	109	0.1	1	104 5
63	77	0.1	1	66 11
64	754	0.1	1	716 38
65	5232	0.1	1	5211 21
66	123	0.1	1	119 4
67	8	0.1	1	6 2
68	14	0.1	1	12 2
69	38	0.1	1	35 3
70	84	0.1	1	82 2
71	55	0.1	1	51 4
72	30	0.1	1	26 4
73	120	0.1	1	109 11
74	951	0.1	1	937 14
75	1842	0.1	1	1818 24
76	1454	0.1	1	1441 13
77	957	0.1	1	951 6
78	602	0.1	1	595 7
79	438	0.1	1	437 1
80	357	0.1	1	353 4
81	340	0.1	1	334 6
82	319	0.1	1	316 3
83	294	0.1	1	290 4
84	330	0.1	1	326 4
85	352	0.1	1	346 6
86	353	0.1	1	350 3
87	444	0.1	1	435 9
88	520	0.1	1	515 5
89	623	0.1	1	619 4
90	874	0.1	1	860 14
91	1113	0.1	1	1102 11
92	1385	0.1	1	1365 20
93	1694	0.1	1	1670 24
94	1956	0.1	1	1936 20
95	2278	0.1	1	2249 29
96	2468	0.1	1	2433 35
97	2667	0.1	1	2634 33
98	2871	0.1	1	2836 35
99	2955	0.1	1	2922 33
100	2918	0.1	1	2894 24
101	2943	0.1	1	2908 35
102	2960	0.1	1	2925 35
103	2802	0.1	1	2769 33
104	2890	0.1	1	2862 28
105	2717	0.1	1	2703 14
106	2626	0.1	1	2594 32
107	2575	0.1	1	2550 25
108	2588	0.1	1	2560 28
109	2431	0.1	1	2409 22
110	2395	0.1	1	2371 24
111	2339	0.1	1	2314 25
112	2242	0.1	1	2226 16
113	2171	0.1	1	2148 23
114	2043	0.1	1	2022 21
115	1927	0.1	1	1901 26
116	1943	0.1	1	1923 20
117	1770	0.1	1	1748 22
118	1906	0.1	1	1891 15
119	1847	0.1	1	1823 24
120	1658	0.1	1	1632 26
121	1548	0.1	1	1532 16
122	1390	0.1	1	1370 20
123	1281	0.1	1	1267 14
124	1043	0.1	1	1032 11
125	954	0.1	1	943 11
126	714	0.1	1	704 10
127	570	0.1	1	565 5
128	429	0.1	1	420 9
129	187	0.1	1	185 2
130	79	0.1	1	78 1
131	32	0.1	1	30 2
132	12	0.1	1	8 4
133	12	0.1	1	11 1
134	11	0.1	1	11
135	9	0.1	1	9
136	8	0.1	1	6 2
137	9	0.1	1	9
138	14	0.1	1	13 1
139	15	0.1	1	13 2
140	14	0.1	1	11 3
141	14	0.1	1	11 3
142	7	0.1	1	6 1
143	14	0.1	1	13 1
144	16	0.1	1	13 3
145	40	0.1	1	38 2
146	13	0.1	1	12 1
147	37	0.1	1	33 4
148	34	0.1	1	33 1
149	19	0.1	1	12 7
150	348	0.1	1	46 302

RUN STATISTICS FOR INPUT FILE: NCPPB_4395.illumina.1.fastq.gz
=============================================
3465104 sequences processed in total

