
SUMMARISING RUN PARAMETERS
==========================
Input filename: NCPPB_2005.illumina.2.fastq.gz
Trimming mode: paired-end
Trim Galore version: 0.6.7
Cutadapt version: 3.5
Number of cores used for trimming: 1
Quality Phred score cutoff: 30
Quality encoding type selected: ASCII+33
Using Illumina adapter for trimming (count: 216864). Second best hit was Nextera (count: 0)
Adapter sequence: 'AGATCGGAAGAGC' (Illumina TruSeq, Sanger iPCR; auto-detected)
Maximum trimming error rate: 0.1 (default)
Minimum required adapter overlap (stringency): 1 bp
Minimum required sequence length for both reads before a sequence pair gets removed: 20 bp
Output file will be GZIP compressed


This is cutadapt 3.5 with Python 3.10.12
Command line parameters: -j 1 -e 0.1 -q 30 -O 1 -a AGATCGGAAGAGC NCPPB_2005.illumina.2.fastq.gz
Processing reads on 1 core in single-end mode ...
Finished in 83.57 s (29 µs/read; 2.09 M reads/minute).

=== Summary ===

Total reads processed:               2,907,470
Reads with adapters:                 1,282,058 (44.1%)
Reads written (passing filters):     2,907,470 (100.0%)

Total basepairs processed:   436,120,500 bp
Quality-trimmed:               6,041,846 bp (1.4%)
Total written (filtered):    398,190,207 bp (91.3%)

=== Adapter 1 ===

Sequence: AGATCGGAAGAGC; Type: regular 3'; Length: 13; Trimmed: 1282058 times

Minimum overlap: 1
No. of allowed errors:
1-9 bp: 0; 10-13 bp: 1

Bases preceding removed adapters:
  A: 15.6%
  C: 35.7%
  G: 34.7%
  T: 14.0%
  none/other: 0.0%

Overview of removed sequences
length	count	expect	max.err	error counts
1	380820	726867.5	0	380820
2	116283	181716.9	0	116283
3	30434	45429.2	0	30434
4	18061	11357.3	0	18061
5	15087	2839.3	0	15087
6	13572	709.8	0	13572
7	12632	177.5	0	12632
8	11906	44.4	0	11906
9	12199	11.1	0	12118 81
10	12017	2.8	1	11848 169
11	11990	0.7	1	11832 158
12	11810	0.2	1	11655 155
13	11502	0.0	1	11359 143
14	11480	0.0	1	11336 144
15	12019	0.0	1	11849 170
16	10989	0.0	1	10820 169
17	11279	0.0	1	11111 168
18	11708	0.0	1	11470 238
19	28920	0.0	1	28624 296
20	8684	0.0	1	8542 142
21	6448	0.0	1	6316 132
22	8211	0.0	1	8105 106
23	10223	0.0	1	10077 146
24	15192	0.0	1	15069 123
25	6370	0.0	1	6272 98
26	10068	0.0	1	9935 133
27	20551	0.0	1	20393 158
28	5968	0.0	1	5848 120
29	11073	0.0	1	10958 115
30	8838	0.0	1	8736 102
31	8976	0.0	1	8859 117
32	7430	0.0	1	7303 127
33	16199	0.0	1	16035 164
34	16281	0.0	1	16135 146
35	2360	0.0	1	2274 86
36	11483	0.0	1	11397 86
37	3914	0.0	1	3833 81
38	8469	0.0	1	8371 98
39	5628	0.0	1	5541 87
40	7834	0.0	1	7695 139
41	22433	0.0	1	22313 120
42	1396	0.0	1	1309 87
43	11336	0.0	1	11243 93
44	3266	0.0	1	3165 101
45	13045	0.0	1	12950 95
46	2895	0.0	1	2822 73
47	5362	0.0	1	5282 80
48	9325	0.0	1	9236 89
49	4903	0.0	1	4825 78
50	6792	0.0	1	6694 98
51	5385	0.0	1	5284 101
52	12141	0.0	1	12062 79
53	1469	0.0	1	1412 57
54	7452	0.0	1	7362 90
55	8197	0.0	1	8121 76
56	4937	0.0	1	4878 59
57	13613	0.0	1	13492 121
58	13363	0.0	1	13262 101
59	6327	0.0	1	6256 71
60	5939	0.0	1	5870 69
61	5274	0.0	1	5174 100
62	8597	0.0	1	8523 74
63	1631	0.0	1	1568 63
64	6848	0.0	1	6778 70
65	4502	0.0	1	4449 53
66	4206	0.0	1	4132 74
67	9166	0.0	1	9087 79
68	3571	0.0	1	3511 60
69	1898	0.0	1	1829 69
70	7393	0.0	1	7331 62
71	1167	0.0	1	1099 68
72	4889	0.0	1	4818 71
73	5800	0.0	1	5709 91
74	7127	0.0	1	7046 81
75	6267	0.0	1	6234 33
76	466	0.0	1	439 27
77	1322	0.0	1	1286 36
78	3357	0.0	1	3301 56
79	3928	0.0	1	3881 47
80	3889	0.0	1	3840 49
81	3747	0.0	1	3704 43
82	3623	0.0	1	3564 59
83	3677	0.0	1	3634 43
84	3605	0.0	1	3570 35
85	3445	0.0	1	3402 43
86	3296	0.0	1	3257 39
87	3364	0.0	1	3311 53
88	3136	0.0	1	3099 37
89	3018	0.0	1	2973 45
90	2935	0.0	1	2897 38
91	2749	0.0	1	2709 40
92	2599	0.0	1	2556 43
93	2533	0.0	1	2508 25
94	2409	0.0	1	2390 19
95	2239	0.0	1	2195 44
96	2157	0.0	1	2122 35
97	2079	0.0	1	2051 28
98	1980	0.0	1	1952 28
99	1996	0.0	1	1969 27
100	1800	0.0	1	1775 25
101	1784	0.0	1	1767 17
102	1652	0.0	1	1633 19
103	1587	0.0	1	1571 16
104	1489	0.0	1	1466 23
105	1431	0.0	1	1411 20
106	1409	0.0	1	1394 15
107	1254	0.0	1	1239 15
108	1291	0.0	1	1280 11
109	1329	0.0	1	1309 20
110	1267	0.0	1	1248 19
111	1252	0.0	1	1236 16
112	1131	0.0	1	1119 12
113	1116	0.0	1	1100 16
114	1056	0.0	1	1045 11
115	1004	0.0	1	985 19
116	954	0.0	1	935 19
117	1003	0.0	1	989 14
118	975	0.0	1	958 17
119	997	0.0	1	989 8
120	922	0.0	1	913 9
121	830	0.0	1	815 15
122	838	0.0	1	822 16
123	720	0.0	1	712 8
124	588	0.0	1	579 9
125	511	0.0	1	507 4
126	407	0.0	1	395 12
127	348	0.0	1	339 9
128	204	0.0	1	199 5
129	106	0.0	1	104 2
130	59	0.0	1	56 3
131	26	0.0	1	26
132	13	0.0	1	9 4
133	20	0.0	1	17 3
134	8	0.0	1	6 2
135	10	0.0	1	10
136	9	0.0	1	9
137	7	0.0	1	5 2
138	9	0.0	1	9
139	3	0.0	1	1 2
140	13	0.0	1	12 1
141	12	0.0	1	7 5
142	5	0.0	1	4 1
143	9	0.0	1	8 1
144	11	0.0	1	9 2
145	15	0.0	1	14 1
146	22	0.0	1	16 6
147	31	0.0	1	28 3
148	19	0.0	1	16 3
149	20	0.0	1	18 2
150	113	0.0	1	38 75

RUN STATISTICS FOR INPUT FILE: NCPPB_2005.illumina.2.fastq.gz
=============================================
2907470 sequences processed in total

Total number of sequences analysed for the sequence pair length validation: 2907470

Number of sequence pairs removed because at least one read was shorter than the length cutoff (20 bp): 25269 (0.87%)
