
SUMMARISING RUN PARAMETERS
==========================
Input filename: NCPPB_2251.illumina.1.fastq.gz
Trimming mode: paired-end
Trim Galore version: 0.6.7
Cutadapt version: 3.5
Number of cores used for trimming: 1
Quality Phred score cutoff: 30
Quality encoding type selected: ASCII+33
Using Illumina adapter for trimming (count: 327535). Second best hit was Nextera (count: 1)
Adapter sequence: 'AGATCGGAAGAGC' (Illumina TruSeq, Sanger iPCR; auto-detected)
Maximum trimming error rate: 0.1 (default)
Minimum required adapter overlap (stringency): 1 bp
Minimum required sequence length for both reads before a sequence pair gets removed: 20 bp
Output file will be GZIP compressed


This is cutadapt 3.5 with Python 3.10.12
Command line parameters: -j 1 -e 0.1 -q 30 -O 1 -a AGATCGGAAGAGC NCPPB_2251.illumina.1.fastq.gz
Processing reads on 1 core in single-end mode ...
Finished in 95.65 s (28 µs/read; 2.14 M reads/minute).

=== Summary ===

Total reads processed:               3,415,901
Reads with adapters:                 1,845,393 (54.0%)
Reads written (passing filters):     3,415,901 (100.0%)

Total basepairs processed:   512,385,150 bp
Quality-trimmed:              11,780,464 bp (2.3%)
Total written (filtered):    449,968,273 bp (87.8%)

=== Adapter 1 ===

Sequence: AGATCGGAAGAGC; Type: regular 3'; Length: 13; Trimmed: 1845393 times

Minimum overlap: 1
No. of allowed errors:
1-9 bp: 0; 10-13 bp: 1

Bases preceding removed adapters:
  A: 14.0%
  C: 35.1%
  G: 34.6%
  T: 16.3%
  none/other: 0.0%

Overview of removed sequences
length	count	expect	max.err	error counts
1	379977	853975.2	0	379977
2	120695	213493.8	0	120695
3	37271	53373.5	0	37271
4	24514	13343.4	0	24514
5	21856	3335.8	0	21856
6	20087	834.0	0	20087
7	18799	208.5	0	18799
8	18870	52.1	0	18870
9	18704	13.0	0	18605 99
10	18631	3.3	1	18386 245
11	18963	0.8	1	18711 252
12	18513	0.2	1	18286 227
13	18741	0.1	1	18505 236
14	18543	0.1	1	18288 255
15	18646	0.1	1	18406 240
16	18357	0.1	1	18118 239
17	18632	0.1	1	18381 251
18	18094	0.1	1	17843 251
19	17947	0.1	1	17690 257
20	18156	0.1	1	17892 264
21	18033	0.1	1	17753 280
22	17602	0.1	1	17349 253
23	17725	0.1	1	17496 229
24	17571	0.1	1	17325 246
25	17248	0.1	1	17030 218
26	17376	0.1	1	17130 246
27	17221	0.1	1	17004 217
28	17564	0.1	1	17275 289
29	16932	0.1	1	16712 220
30	16426	0.1	1	16196 230
31	16659	0.1	1	16439 220
32	17264	0.1	1	17027 237
33	16374	0.1	1	16131 243
34	16424	0.1	1	16194 230
35	15984	0.1	1	15770 214
36	16274	0.1	1	16049 225
37	16214	0.1	1	16009 205
38	15626	0.1	1	15446 180
39	15681	0.1	1	15462 219
40	15486	0.1	1	15297 189
41	15807	0.1	1	15613 194
42	17886	0.1	1	17626 260
43	16526	0.1	1	16065 461
44	60255	0.1	1	59591 664
45	36333	0.1	1	35569 764
46	77513	0.1	1	76978 535
47	4633	0.1	1	4297 336
48	40654	0.1	1	40131 523
49	44073	0.1	1	42989 1084
50	130488	0.1	1	129550 938
51	32715	0.1	1	32098 617
52	63870	0.1	1	63493 377
53	10389	0.1	1	10306 83
54	273	0.1	1	263 10
55	437	0.1	1	430 7
56	212	0.1	1	206 6
57	68	0.1	1	66 2
58	334	0.1	1	318 16
59	1960	0.1	1	1939 21
60	867	0.1	1	850 17
61	1101	0.1	1	1086 15
62	158	0.1	1	150 8
63	63	0.1	1	58 5
64	223	0.1	1	205 18
65	1306	0.1	1	1293 13
66	97	0.1	1	95 2
67	15	0.1	1	10 5
68	21	0.1	1	19 2
69	18	0.1	1	17 1
70	21	0.1	1	17 4
71	23	0.1	1	22 1
72	32	0.1	1	25 7
73	188	0.1	1	179 9
74	1185	0.1	1	1166 19
75	2358	0.1	1	2326 32
76	1849	0.1	1	1830 19
77	948	0.1	1	933 15
78	610	0.1	1	602 8
79	363	0.1	1	361 2
80	280	0.1	1	274 6
81	235	0.1	1	232 3
82	220	0.1	1	215 5
83	244	0.1	1	236 8
84	245	0.1	1	233 12
85	269	0.1	1	266 3
86	329	0.1	1	321 8
87	386	0.1	1	376 10
88	439	0.1	1	429 10
89	485	0.1	1	478 7
90	638	0.1	1	622 16
91	742	0.1	1	735 7
92	928	0.1	1	915 13
93	1127	0.1	1	1112 15
94	1286	0.1	1	1263 23
95	1591	0.1	1	1571 20
96	1964	0.1	1	1933 31
97	2197	0.1	1	2162 35
98	2501	0.1	1	2451 50
99	2730	0.1	1	2691 39
100	2908	0.1	1	2870 38
101	2958	0.1	1	2924 34
102	3017	0.1	1	2976 41
103	3112	0.1	1	3070 42
104	2990	0.1	1	2947 43
105	2911	0.1	1	2883 28
106	2884	0.1	1	2844 40
107	2839	0.1	1	2810 29
108	2785	0.1	1	2754 31
109	2579	0.1	1	2544 35
110	2548	0.1	1	2511 37
111	2383	0.1	1	2358 25
112	2305	0.1	1	2276 29
113	2368	0.1	1	2339 29
114	2200	0.1	1	2167 33
115	2044	0.1	1	2011 33
116	2011	0.1	1	1991 20
117	2022	0.1	1	1987 35
118	1911	0.1	1	1892 19
119	1872	0.1	1	1848 24
120	1621	0.1	1	1602 19
121	1439	0.1	1	1415 24
122	1390	0.1	1	1374 16
123	1274	0.1	1	1247 27
124	1066	0.1	1	1047 19
125	895	0.1	1	887 8
126	647	0.1	1	640 7
127	518	0.1	1	505 13
128	395	0.1	1	390 5
129	165	0.1	1	162 3
130	66	0.1	1	63 3
131	32	0.1	1	30 2
132	23	0.1	1	17 6
133	14	0.1	1	11 3
134	10	0.1	1	9 1
135	12	0.1	1	7 5
136	13	0.1	1	8 5
137	2	0.1	1	2
138	14	0.1	1	11 3
139	14	0.1	1	9 5
140	17	0.1	1	16 1
141	17	0.1	1	16 1
142	6	0.1	1	5 1
143	5	0.1	1	3 2
144	10	0.1	1	5 5
145	17	0.1	1	17
146	18	0.1	1	18
147	43	0.1	1	39 4
148	20	0.1	1	18 2
149	33	0.1	1	25 8
150	562	0.1	1	38 524

RUN STATISTICS FOR INPUT FILE: NCPPB_2251.illumina.1.fastq.gz
=============================================
3415901 sequences processed in total

