
SUMMARISING RUN PARAMETERS
==========================
Input filename: NCPPB_2251.illumina.2.fastq.gz
Trimming mode: paired-end
Trim Galore version: 0.6.7
Cutadapt version: 3.5
Number of cores used for trimming: 1
Quality Phred score cutoff: 30
Quality encoding type selected: ASCII+33
Using Illumina adapter for trimming (count: 327535). Second best hit was Nextera (count: 1)
Adapter sequence: 'AGATCGGAAGAGC' (Illumina TruSeq, Sanger iPCR; auto-detected)
Maximum trimming error rate: 0.1 (default)
Minimum required adapter overlap (stringency): 1 bp
Minimum required sequence length for both reads before a sequence pair gets removed: 20 bp
Output file will be GZIP compressed


This is cutadapt 3.5 with Python 3.10.12
Command line parameters: -j 1 -e 0.1 -q 30 -O 1 -a AGATCGGAAGAGC NCPPB_2251.illumina.2.fastq.gz
Processing reads on 1 core in single-end mode ...
Finished in 98.34 s (29 µs/read; 2.08 M reads/minute).

=== Summary ===

Total reads processed:               3,415,901
Reads with adapters:                 1,844,717 (54.0%)
Reads written (passing filters):     3,415,901 (100.0%)

Total basepairs processed:   512,385,150 bp
Quality-trimmed:               6,534,926 bp (1.3%)
Total written (filtered):    449,023,726 bp (87.6%)

=== Adapter 1 ===

Sequence: AGATCGGAAGAGC; Type: regular 3'; Length: 13; Trimmed: 1844717 times

Minimum overlap: 1
No. of allowed errors:
1-9 bp: 0; 10-13 bp: 1

Bases preceding removed adapters:
  A: 14.0%
  C: 34.8%
  G: 34.8%
  T: 16.3%
  none/other: 0.0%

Overview of removed sequences
length	count	expect	max.err	error counts
1	377180	853975.2	0	377180
2	121609	213493.8	0	121609
3	37398	53373.5	0	37398
4	24351	13343.4	0	24351
5	21817	3335.8	0	21817
6	20328	834.0	0	20328
7	19069	208.5	0	19069
8	19042	52.1	0	19042
9	18582	13.0	0	18491 91
10	18977	3.3	1	18730 247
11	18978	0.8	1	18710 268
12	18990	0.2	1	18761 229
13	18614	0.1	1	18353 261
14	18924	0.1	1	18587 337
15	19640	0.1	1	19353 287
16	18120	0.1	1	17826 294
17	19056	0.1	1	18780 276
18	19392	0.1	1	18993 399
19	47386	0.1	1	46915 471
20	12438	0.1	1	12207 231
21	11162	0.1	1	10958 204
22	14163	0.1	1	13917 246
23	17758	0.1	1	17477 281
24	24369	0.1	1	24131 238
25	11903	0.1	1	11670 233
26	18016	0.1	1	17683 333
27	38147	0.1	1	37816 331
28	9379	0.1	1	9171 208
29	21982	0.1	1	21712 270
30	14765	0.1	1	14572 193
31	18828	0.1	1	18614 214
32	14654	0.1	1	14408 246
33	15951	0.1	1	15602 349
34	60720	0.1	1	60308 412
35	3752	0.1	1	3583 169
36	17094	0.1	1	16914 180
37	9273	0.1	1	9072 201
38	18635	0.1	1	18374 261
39	28809	0.1	1	28585 224
40	6257	0.1	1	6051 206
41	21471	0.1	1	21277 194
42	2565	0.1	1	2416 149
43	16581	0.1	1	16385 196
44	9180	0.1	1	8981 199
45	24187	0.1	1	23984 203
46	6404	0.1	1	6273 131
47	9687	0.1	1	9498 189
48	16557	0.1	1	16361 196
49	11180	0.1	1	11023 157
50	12513	0.1	1	12359 154
51	10109	0.1	1	9909 200
52	20913	0.1	1	20734 179
53	3270	0.1	1	3139 131
54	13794	0.1	1	13638 156
55	13840	0.1	1	13694 146
56	8404	0.1	1	8246 158
57	24236	0.1	1	24011 225
58	18600	0.1	1	18422 178
59	5959	0.1	1	5813 146
60	10008	0.1	1	9867 141
61	7039	0.1	1	6911 128
62	11669	0.1	1	11539 130
63	3122	0.1	1	3020 102
64	10376	0.1	1	10236 140
65	6164	0.1	1	6044 120
66	7631	0.1	1	7505 126
67	13174	0.1	1	13027 147
68	5107	0.1	1	4999 108
69	3728	0.1	1	3607 121
70	11969	0.1	1	11845 124
71	1844	0.1	1	1755 89
72	7786	0.1	1	7659 127
73	9563	0.1	1	9399 164
74	11499	0.1	1	11384 115
75	9783	0.1	1	9709 74
76	761	0.1	1	708 53
77	2519	0.1	1	2436 83
78	6015	0.1	1	5916 99
79	6761	0.1	1	6666 95
80	6754	0.1	1	6664 90
81	6809	0.1	1	6716 93
82	6455	0.1	1	6367 88
83	6450	0.1	1	6362 88
84	6594	0.1	1	6499 95
85	6404	0.1	1	6333 71
86	6388	0.1	1	6303 85
87	6288	0.1	1	6206 82
88	6099	0.1	1	6029 70
89	5837	0.1	1	5758 79
90	5911	0.1	1	5838 73
91	5637	0.1	1	5545 92
92	5593	0.1	1	5522 71
93	5485	0.1	1	5398 87
94	5145	0.1	1	5068 77
95	5169	0.1	1	5110 59
96	5076	0.1	1	5010 66
97	4821	0.1	1	4749 72
98	4572	0.1	1	4499 73
99	4383	0.1	1	4318 65
100	4183	0.1	1	4114 69
101	4037	0.1	1	3988 49
102	3850	0.1	1	3796 54
103	3770	0.1	1	3714 56
104	3506	0.1	1	3461 45
105	3306	0.1	1	3252 54
106	3207	0.1	1	3169 38
107	3130	0.1	1	3090 40
108	3016	0.1	1	2973 43
109	2798	0.1	1	2762 36
110	2743	0.1	1	2707 36
111	2483	0.1	1	2442 41
112	2408	0.1	1	2364 44
113	2445	0.1	1	2423 22
114	2282	0.1	1	2246 36
115	2114	0.1	1	2080 34
116	2058	0.1	1	2031 27
117	2083	0.1	1	2065 18
118	1969	0.1	1	1946 23
119	1901	0.1	1	1875 26
120	1667	0.1	1	1648 19
121	1470	0.1	1	1449 21
122	1417	0.1	1	1391 26
123	1295	0.1	1	1283 12
124	1077	0.1	1	1061 16
125	910	0.1	1	890 20
126	668	0.1	1	655 13
127	533	0.1	1	523 10
128	405	0.1	1	400 5
129	163	0.1	1	158 5
130	68	0.1	1	65 3
131	32	0.1	1	31 1
132	21	0.1	1	17 4
133	16	0.1	1	12 4
134	9	0.1	1	9
135	8	0.1	1	7 1
136	14	0.1	1	10 4
137	3	0.1	1	2 1
138	14	0.1	1	11 3
139	13	0.1	1	9 4
140	20	0.1	1	16 4
141	17	0.1	1	14 3
142	8	0.1	1	7 1
143	5	0.1	1	3 2
144	8	0.1	1	4 4
145	19	0.1	1	15 4
146	20	0.1	1	18 2
147	42	0.1	1	39 3
148	18	0.1	1	18
149	24	0.1	1	24
150	98	0.1	1	39 59

RUN STATISTICS FOR INPUT FILE: NCPPB_2251.illumina.2.fastq.gz
=============================================
3415901 sequences processed in total

Total number of sequences analysed for the sequence pair length validation: 3415901

Number of sequence pairs removed because at least one read was shorter than the length cutoff (20 bp): 19934 (0.58%)
