
SUMMARISING RUN PARAMETERS
==========================
Input filename: NCPPB_4379.illumina.1.fastq.gz
Trimming mode: paired-end
Trim Galore version: 0.6.7
Cutadapt version: 3.5
Number of cores used for trimming: 1
Quality Phred score cutoff: 30
Quality encoding type selected: ASCII+33
Using Illumina adapter for trimming (count: 125485). Second best hit was Nextera (count: 0)
Adapter sequence: 'AGATCGGAAGAGC' (Illumina TruSeq, Sanger iPCR; auto-detected)
Maximum trimming error rate: 0.1 (default)
Minimum required adapter overlap (stringency): 1 bp
Minimum required sequence length for both reads before a sequence pair gets removed: 20 bp
Output file will be GZIP compressed


This is cutadapt 3.5 with Python 3.10.12
Command line parameters: -j 1 -e 0.1 -q 30 -O 1 -a AGATCGGAAGAGC NCPPB_4379.illumina.1.fastq.gz
Processing reads on 1 core in single-end mode ...
Finished in 54.37 s (31 µs/read; 1.96 M reads/minute).

=== Summary ===

Total reads processed:               1,777,044
Reads with adapters:                   628,890 (35.4%)
Reads written (passing filters):     1,777,044 (100.0%)

Total basepairs processed:   266,556,600 bp
Quality-trimmed:               2,928,139 bp (1.1%)
Total written (filtered):    251,096,849 bp (94.2%)

=== Adapter 1 ===

Sequence: AGATCGGAAGAGC; Type: regular 3'; Length: 13; Trimmed: 628890 times

Minimum overlap: 1
No. of allowed errors:
1-9 bp: 0; 10-13 bp: 1

Bases preceding removed adapters:
  A: 17.1%
  C: 37.6%
  G: 30.7%
  T: 14.4%
  none/other: 0.1%

Overview of removed sequences
length	count	expect	max.err	error counts
1	269484	444261.0	0	269484
2	78156	111065.2	0	78156
3	16149	27766.3	0	16149
4	7707	6941.6	0	7707
5	5452	1735.4	0	5452
6	4178	433.8	0	4178
7	3501	108.5	0	3501
8	3280	27.1	0	3280
9	3317	6.8	0	3267 50
10	3238	1.7	1	3162 76
11	3274	0.4	1	3215 59
12	3100	0.1	1	3055 45
13	3230	0.0	1	3196 34
14	3097	0.0	1	3058 39
15	3053	0.0	1	3014 39
16	3034	0.0	1	3005 29
17	3028	0.0	1	2992 36
18	2979	0.0	1	2946 33
19	2983	0.0	1	2931 52
20	2888	0.0	1	2851 37
21	2947	0.0	1	2914 33
22	2742	0.0	1	2717 25
23	2864	0.0	1	2835 29
24	2676	0.0	1	2635 41
25	2798	0.0	1	2776 22
26	2732	0.0	1	2697 35
27	2679	0.0	1	2635 44
28	2665	0.0	1	2628 37
29	2667	0.0	1	2632 35
30	2560	0.0	1	2527 33
31	2573	0.0	1	2534 39
32	2657	0.0	1	2632 25
33	2647	0.0	1	2615 32
34	2686	0.0	1	2656 30
35	2325	0.0	1	2301 24
36	2543	0.0	1	2521 22
37	2446	0.0	1	2413 33
38	2520	0.0	1	2487 33
39	2424	0.0	1	2390 34
40	2628	0.0	1	2601 27
41	2452	0.0	1	2421 31
42	2687	0.0	1	2648 39
43	2770	0.0	1	2675 95
44	14557	0.0	1	14429 128
45	7517	0.0	1	7405 112
46	14405	0.0	1	14337 68
47	366	0.0	1	313 53
48	5413	0.0	1	5157 256
49	39395	0.0	1	39232 163
50	1117	0.0	1	1086 31
51	1958	0.0	1	1950 8
52	981	0.0	1	975 6
53	96	0.0	1	80 16
54	1632	0.0	1	1621 11
55	47	0.0	1	37 10
56	1217	0.0	1	1210 7
57	228	0.0	1	216 12
58	754	0.0	1	733 21
59	2755	0.0	1	2735 20
60	204	0.0	1	196 8
61	773	0.0	1	767 6
62	10	0.0	1	6 4
63	28	0.0	1	24 4
64	402	0.0	1	391 11
65	1289	0.0	1	1283 6
66	8	0.0	1	7 1
67	9	0.0	1	7 2
68	160	0.0	1	158 2
69	262	0.0	1	259 3
70	168	0.0	1	164 4
71	25	0.0	1	22 3
72	6	0.0	1	4 2
73	28	0.0	1	24 4
74	206	0.0	1	206
75	418	0.0	1	414 4
76	479	0.0	1	473 6
77	394	0.0	1	388 6
78	336	0.0	1	330 6
79	319	0.0	1	314 5
80	361	0.0	1	359 2
81	458	0.0	1	450 8
82	610	0.0	1	603 7
83	633	0.0	1	626 7
84	896	0.0	1	891 5
85	946	0.0	1	933 13
86	1112	0.0	1	1093 19
87	1178	0.0	1	1162 16
88	1253	0.0	1	1242 11
89	1245	0.0	1	1234 11
90	1312	0.0	1	1303 9
91	1338	0.0	1	1323 15
92	1224	0.0	1	1212 12
93	1289	0.0	1	1271 18
94	1220	0.0	1	1199 21
95	1251	0.0	1	1234 17
96	1208	0.0	1	1193 15
97	1147	0.0	1	1135 12
98	1118	0.0	1	1104 14
99	1155	0.0	1	1142 13
100	1122	0.0	1	1107 15
101	1052	0.0	1	1040 12
102	1094	0.0	1	1084 10
103	1052	0.0	1	1047 5
104	972	0.0	1	962 10
105	993	0.0	1	979 14
106	930	0.0	1	915 15
107	908	0.0	1	902 6
108	919	0.0	1	911 8
109	903	0.0	1	889 14
110	866	0.0	1	854 12
111	937	0.0	1	926 11
112	819	0.0	1	806 13
113	842	0.0	1	835 7
114	875	0.0	1	861 14
115	857	0.0	1	849 8
116	821	0.0	1	816 5
117	846	0.0	1	825 21
118	789	0.0	1	778 11
119	813	0.0	1	801 12
120	772	0.0	1	763 9
121	741	0.0	1	730 11
122	679	0.0	1	668 11
123	611	0.0	1	601 10
124	533	0.0	1	525 8
125	442	0.0	1	436 6
126	373	0.0	1	369 4
127	293	0.0	1	289 4
128	211	0.0	1	206 5
129	93	0.0	1	88 5
130	40	0.0	1	40
131	18	0.0	1	17 1
132	2	0.0	1	2
133	12	0.0	1	8 4
134	4	0.0	1	3 1
135	4	0.0	1	3 1
136	4	0.0	1	4
137	3	0.0	1	3
138	4	0.0	1	2 2
139	8	0.0	1	7 1
140	8	0.0	1	6 2
141	4	0.0	1	3 1
142	3	0.0	1	1 2
143	9	0.0	1	6 3
144	6	0.0	1	3 3
145	10	0.0	1	9 1
146	4	0.0	1	3 1
147	19	0.0	1	19
148	15	0.0	1	13 2
149	30	0.0	1	19 11
150	793	0.0	1	34 759

RUN STATISTICS FOR INPUT FILE: NCPPB_4379.illumina.1.fastq.gz
=============================================
1777044 sequences processed in total

