
SUMMARISING RUN PARAMETERS
==========================
Input filename: NCPPB_2005.illumina.1.fastq.gz
Trimming mode: paired-end
Trim Galore version: 0.6.7
Cutadapt version: 3.5
Number of cores used for trimming: 1
Quality Phred score cutoff: 30
Quality encoding type selected: ASCII+33
Using Illumina adapter for trimming (count: 216864). Second best hit was Nextera (count: 0)
Adapter sequence: 'AGATCGGAAGAGC' (Illumina TruSeq, Sanger iPCR; auto-detected)
Maximum trimming error rate: 0.1 (default)
Minimum required adapter overlap (stringency): 1 bp
Minimum required sequence length for both reads before a sequence pair gets removed: 20 bp
Output file will be GZIP compressed


This is cutadapt 3.5 with Python 3.10.12
Command line parameters: -j 1 -e 0.1 -q 30 -O 1 -a AGATCGGAAGAGC NCPPB_2005.illumina.1.fastq.gz
Processing reads on 1 core in single-end mode ...
Finished in 85.62 s (29 µs/read; 2.04 M reads/minute).

=== Summary ===

Total reads processed:               2,907,470
Reads with adapters:                 1,288,491 (44.3%)
Reads written (passing filters):     2,907,470 (100.0%)

Total basepairs processed:   436,120,500 bp
Quality-trimmed:               8,584,800 bp (2.0%)
Total written (filtered):    399,282,562 bp (91.6%)

=== Adapter 1 ===

Sequence: AGATCGGAAGAGC; Type: regular 3'; Length: 13; Trimmed: 1288491 times

Minimum overlap: 1
No. of allowed errors:
1-9 bp: 0; 10-13 bp: 1

Bases preceding removed adapters:
  A: 15.7%
  C: 35.9%
  G: 34.5%
  T: 13.8%
  none/other: 0.1%

Overview of removed sequences
length	count	expect	max.err	error counts
1	388408	726867.5	0	388408
2	116765	181716.9	0	116765
3	30723	45429.2	0	30723
4	18081	11357.3	0	18081
5	15098	2839.3	0	15098
6	13372	709.8	0	13372
7	12366	177.5	0	12366
8	11882	44.4	0	11882
9	12213	11.1	0	12100 113
10	11758	2.8	1	11591 167
11	11936	0.7	1	11784 152
12	11388	0.2	1	11246 142
13	11493	0.0	1	11327 166
14	11214	0.0	1	11069 145
15	11407	0.0	1	11273 134
16	11168	0.0	1	11007 161
17	11098	0.0	1	10938 160
18	10797	0.0	1	10646 151
19	10788	0.0	1	10621 167
20	10535	0.0	1	10380 155
21	10709	0.0	1	10560 149
22	10376	0.0	1	10237 139
23	10135	0.0	1	9974 161
24	9962	0.0	1	9823 139
25	9905	0.0	1	9786 119
26	9565	0.0	1	9452 113
27	9478	0.0	1	9359 119
28	9670	0.0	1	9530 140
29	9211	0.0	1	9084 127
30	8985	0.0	1	8862 123
31	8993	0.0	1	8844 149
32	9110	0.0	1	8977 133
33	8791	0.0	1	8646 145
34	8832	0.0	1	8704 128
35	8486	0.0	1	8354 132
36	8405	0.0	1	8268 137
37	8711	0.0	1	8564 147
38	8282	0.0	1	8166 116
39	8679	0.0	1	8569 110
40	7358	0.0	1	7262 96
41	7872	0.0	1	7763 109
42	9128	0.0	1	8941 187
43	12481	0.0	1	12028 453
44	65890	0.0	1	65292 598
45	35149	0.0	1	34082 1067
46	127261	0.0	1	126594 667
47	2801	0.0	1	2588 213
48	23571	0.0	1	23366 205
49	12282	0.0	1	12185 97
50	3440	0.0	1	3422 18
51	266	0.0	1	258 8
52	946	0.0	1	943 3
53	43	0.0	1	40 3
54	50	0.0	1	49 1
55	29	0.0	1	25 4
56	93	0.0	1	91 2
57	39	0.0	1	33 6
58	421	0.0	1	399 22
59	1950	0.0	1	1935 15
60	98	0.0	1	92 6
61	438	0.0	1	431 7
62	26	0.0	1	21 5
63	50	0.0	1	41 9
64	788	0.0	1	764 24
65	3588	0.0	1	3559 29
66	38	0.0	1	36 2
67	8	0.0	1	5 3
68	15	0.0	1	13 2
69	49	0.0	1	46 3
70	90	0.0	1	87 3
71	26	0.0	1	26
72	22	0.0	1	17 5
73	93	0.0	1	87 6
74	662	0.0	1	655 7
75	1203	0.0	1	1188 15
76	1149	0.0	1	1133 16
77	832	0.0	1	826 6
78	533	0.0	1	525 8
79	402	0.0	1	394 8
80	316	0.0	1	307 9
81	268	0.0	1	260 8
82	265	0.0	1	258 7
83	228	0.0	1	220 8
84	270	0.0	1	264 6
85	253	0.0	1	244 9
86	299	0.0	1	296 3
87	355	0.0	1	351 4
88	453	0.0	1	445 8
89	593	0.0	1	586 7
90	731	0.0	1	718 13
91	1089	0.0	1	1079 10
92	1269	0.0	1	1251 18
93	1451	0.0	1	1427 24
94	1503	0.0	1	1473 30
95	1630	0.0	1	1609 21
96	1626	0.0	1	1606 20
97	1670	0.0	1	1651 19
98	1635	0.0	1	1627 8
99	1703	0.0	1	1683 20
100	1585	0.0	1	1558 27
101	1588	0.0	1	1567 21
102	1506	0.0	1	1486 20
103	1467	0.0	1	1442 25
104	1387	0.0	1	1369 18
105	1331	0.0	1	1311 20
106	1329	0.0	1	1319 10
107	1172	0.0	1	1158 14
108	1237	0.0	1	1215 22
109	1267	0.0	1	1253 14
110	1212	0.0	1	1198 14
111	1201	0.0	1	1182 19
112	1095	0.0	1	1090 5
113	1077	0.0	1	1062 15
114	1009	0.0	1	1001 8
115	977	0.0	1	962 15
116	951	0.0	1	938 13
117	982	0.0	1	973 9
118	962	0.0	1	944 18
119	978	0.0	1	960 18
120	899	0.0	1	888 11
121	818	0.0	1	800 18
122	820	0.0	1	811 9
123	715	0.0	1	697 18
124	575	0.0	1	565 10
125	506	0.0	1	501 5
126	392	0.0	1	381 11
127	340	0.0	1	336 4
128	197	0.0	1	190 7
129	107	0.0	1	104 3
130	56	0.0	1	56
131	28	0.0	1	25 3
132	13	0.0	1	9 4
133	18	0.0	1	17 1
134	13	0.0	1	6 7
135	8	0.0	1	8
136	8	0.0	1	7 1
137	5	0.0	1	5
138	9	0.0	1	9
139	4	0.0	1	1 3
140	13	0.0	1	12 1
141	8	0.0	1	6 2
142	4	0.0	1	4
143	12	0.0	1	8 4
144	11	0.0	1	10 1
145	14	0.0	1	14
146	19	0.0	1	18 1
147	29	0.0	1	24 5
148	20	0.0	1	16 4
149	33	0.0	1	18 15
150	922	0.0	1	35 887

RUN STATISTICS FOR INPUT FILE: NCPPB_2005.illumina.1.fastq.gz
=============================================
2907470 sequences processed in total

