
SUMMARISING RUN PARAMETERS
==========================
Input filename: NCPPB_4381.illumina.1.fastq.gz
Trimming mode: paired-end
Trim Galore version: 0.6.7
Cutadapt version: 3.5
Number of cores used for trimming: 1
Quality Phred score cutoff: 30
Quality encoding type selected: ASCII+33
Using Illumina adapter for trimming (count: 432799). Second best hit was Nextera (count: 2)
Adapter sequence: 'AGATCGGAAGAGC' (Illumina TruSeq, Sanger iPCR; auto-detected)
Maximum trimming error rate: 0.1 (default)
Minimum required adapter overlap (stringency): 1 bp
Minimum required sequence length for both reads before a sequence pair gets removed: 20 bp
Output file will be GZIP compressed


This is cutadapt 3.5 with Python 3.10.12
Command line parameters: -j 1 -e 0.1 -q 30 -O 1 -a AGATCGGAAGAGC NCPPB_4381.illumina.1.fastq.gz
Processing reads on 1 core in single-end mode ...
Finished in 75.06 s (27 µs/read; 2.19 M reads/minute).

=== Summary ===

Total reads processed:               2,738,362
Reads with adapters:                 1,662,273 (60.7%)
Reads written (passing filters):     2,738,362 (100.0%)

Total basepairs processed:   410,754,300 bp
Quality-trimmed:              13,536,771 bp (3.3%)
Total written (filtered):    336,616,020 bp (82.0%)

=== Adapter 1 ===

Sequence: AGATCGGAAGAGC; Type: regular 3'; Length: 13; Trimmed: 1662273 times

Minimum overlap: 1
No. of allowed errors:
1-9 bp: 0; 10-13 bp: 1

Bases preceding removed adapters:
  A: 13.4%
  C: 35.1%
  G: 33.4%
  T: 18.0%
  none/other: 0.1%

Overview of removed sequences
length	count	expect	max.err	error counts
1	261670	684590.5	0	261670
2	82080	171147.6	0	82080
3	23522	42786.9	0	23522
4	14992	10696.7	0	14992
5	13424	2674.2	0	13424
6	12203	668.5	0	12203
7	11726	167.1	0	11726
8	11574	41.8	0	11574
9	11636	10.4	0	11557 79
10	11654	2.6	1	11552 102
11	11997	0.7	1	11856 141
12	11994	0.2	1	11870 124
13	11979	0.0	1	11842 137
14	12092	0.0	1	11970 122
15	12260	0.0	1	12112 148
16	12252	0.0	1	12102 150
17	12741	0.0	1	12590 151
18	12232	0.0	1	12117 115
19	12556	0.0	1	12416 140
20	12552	0.0	1	12425 127
21	12848	0.0	1	12683 165
22	12924	0.0	1	12798 126
23	12805	0.0	1	12680 125
24	12957	0.0	1	12820 137
25	13135	0.0	1	12983 152
26	13048	0.0	1	12905 143
27	13208	0.0	1	13048 160
28	13485	0.0	1	13328 157
29	13392	0.0	1	13249 143
30	13336	0.0	1	13180 156
31	13311	0.0	1	13147 164
32	14019	0.0	1	13887 132
33	13575	0.0	1	13411 164
34	14129	0.0	1	13954 175
35	13624	0.0	1	13509 115
36	14269	0.0	1	14111 158
37	13970	0.0	1	13833 137
38	14378	0.0	1	14213 165
39	14454	0.0	1	14275 179
40	15514	0.0	1	15306 208
41	16896	0.0	1	16679 217
42	16032	0.0	1	15774 258
43	22312	0.0	1	21270 1042
44	164053	0.0	1	162897 1156
45	71740	0.0	1	70225 1515
46	196542	0.0	1	195687 855
47	5522	0.0	1	4899 623
48	88216	0.0	1	87827 389
49	5604	0.0	1	5519 85
50	2762	0.0	1	2743 19
51	1356	0.0	1	1334 22
52	2928	0.0	1	2916 12
53	107	0.0	1	103 4
54	115	0.0	1	113 2
55	358	0.0	1	355 3
56	378	0.0	1	372 6
57	61	0.0	1	54 7
58	1578	0.0	1	1545 33
59	3883	0.0	1	3860 23
60	113	0.0	1	105 8
61	1367	0.0	1	1354 13
62	22	0.0	1	20 2
63	63	0.0	1	49 14
64	1667	0.0	1	1637 30
65	3425	0.0	1	3413 12
66	29	0.0	1	27 2
67	30	0.0	1	28 2
68	29	0.0	1	26 3
69	61	0.0	1	58 3
70	77	0.0	1	74 3
71	32	0.0	1	31 1
72	41	0.0	1	34 7
73	792	0.0	1	781 11
74	2763	0.0	1	2731 32
75	3052	0.0	1	3024 28
76	2161	0.0	1	2146 15
77	1475	0.0	1	1459 16
78	1188	0.0	1	1178 10
79	969	0.0	1	962 7
80	821	0.0	1	811 10
81	741	0.0	1	736 5
82	704	0.0	1	697 7
83	727	0.0	1	719 8
84	832	0.0	1	822 10
85	803	0.0	1	796 7
86	985	0.0	1	967 18
87	1204	0.0	1	1184 20
88	1555	0.0	1	1530 25
89	1980	0.0	1	1956 24
90	2731	0.0	1	2693 38
91	3613	0.0	1	3575 38
92	4205	0.0	1	4158 47
93	4650	0.0	1	4583 67
94	5031	0.0	1	4971 60
95	5556	0.0	1	5493 63
96	5734	0.0	1	5666 68
97	5938	0.0	1	5865 73
98	6025	0.0	1	5967 58
99	6127	0.0	1	6054 73
100	6032	0.0	1	5967 65
101	6142	0.0	1	6078 64
102	5952	0.0	1	5875 77
103	5909	0.0	1	5845 64
104	5776	0.0	1	5713 63
105	5729	0.0	1	5671 58
106	5605	0.0	1	5550 55
107	5398	0.0	1	5351 47
108	5411	0.0	1	5351 60
109	5380	0.0	1	5318 62
110	5318	0.0	1	5263 55
111	5199	0.0	1	5157 42
112	4946	0.0	1	4900 46
113	4874	0.0	1	4809 65
114	4666	0.0	1	4613 53
115	4660	0.0	1	4612 48
116	4565	0.0	1	4528 37
117	4548	0.0	1	4504 44
118	4580	0.0	1	4537 43
119	4623	0.0	1	4569 54
120	4387	0.0	1	4348 39
121	3975	0.0	1	3925 50
122	3729	0.0	1	3685 44
123	3458	0.0	1	3417 41
124	2863	0.0	1	2830 33
125	2310	0.0	1	2288 22
126	1833	0.0	1	1816 17
127	1476	0.0	1	1466 10
128	1147	0.0	1	1135 12
129	571	0.0	1	561 10
130	234	0.0	1	229 5
131	80	0.0	1	78 2
132	34	0.0	1	30 4
133	24	0.0	1	22 2
134	28	0.0	1	26 2
135	24	0.0	1	22 2
136	21	0.0	1	19 2
137	26	0.0	1	24 2
138	33	0.0	1	32 1
139	26	0.0	1	25 1
140	22	0.0	1	20 2
141	36	0.0	1	36
142	23	0.0	1	22 1
143	25	0.0	1	23 2
144	23	0.0	1	19 4
145	55	0.0	1	48 7
146	38	0.0	1	36 2
147	75	0.0	1	72 3
148	65	0.0	1	58 7
149	59	0.0	1	35 24
150	982	0.0	1	92 890

RUN STATISTICS FOR INPUT FILE: NCPPB_4381.illumina.1.fastq.gz
=============================================
2738362 sequences processed in total

