
SUMMARISING RUN PARAMETERS
==========================
Input filename: NCPPB_4395.illumina.2.fastq.gz
Trimming mode: paired-end
Trim Galore version: 0.6.7
Cutadapt version: 3.5
Number of cores used for trimming: 1
Quality Phred score cutoff: 30
Quality encoding type selected: ASCII+33
Using Illumina adapter for trimming (count: 355865). Second best hit was smallRNA (count: 0)
Adapter sequence: 'AGATCGGAAGAGC' (Illumina TruSeq, Sanger iPCR; auto-detected)
Maximum trimming error rate: 0.1 (default)
Minimum required adapter overlap (stringency): 1 bp
Minimum required sequence length for both reads before a sequence pair gets removed: 20 bp
Output file will be GZIP compressed


This is cutadapt 3.5 with Python 3.10.12
Command line parameters: -j 1 -e 0.1 -q 30 -O 1 -a AGATCGGAAGAGC NCPPB_4395.illumina.2.fastq.gz
Processing reads on 1 core in single-end mode ...
Finished in 96.65 s (28 µs/read; 2.15 M reads/minute).

=== Summary ===

Total reads processed:               3,465,104
Reads with adapters:                 1,941,468 (56.0%)
Reads written (passing filters):     3,465,104 (100.0%)

Total basepairs processed:   519,765,600 bp
Quality-trimmed:               5,144,171 bp (1.0%)
Total written (filtered):    455,882,773 bp (87.7%)

=== Adapter 1 ===

Sequence: AGATCGGAAGAGC; Type: regular 3'; Length: 13; Trimmed: 1941468 times

Minimum overlap: 1
No. of allowed errors:
1-9 bp: 0; 10-13 bp: 1

Bases preceding removed adapters:
  A: 13.7%
  C: 34.3%
  G: 35.3%
  T: 16.6%
  none/other: 0.0%

Overview of removed sequences
length	count	expect	max.err	error counts
1	373571	866276.0	0	373571
2	121136	216569.0	0	121136
3	39386	54142.2	0	39386
4	26873	13535.6	0	26873
5	23574	3383.9	0	23574
6	22640	846.0	0	22640
7	21766	211.5	0	21766
8	21330	52.9	0	21330
9	21539	13.2	0	21403 136
10	21425	3.3	1	21158 267
11	21560	0.8	1	21310 250
12	21526	0.2	1	21233 293
13	21325	0.1	1	21023 302
14	21499	0.1	1	21172 327
15	21706	0.1	1	21348 358
16	20196	0.1	1	19868 328
17	20972	0.1	1	20687 285
18	21388	0.1	1	21006 382
19	32155	0.1	1	31622 533
20	36149	0.1	1	35775 374
21	10147	0.1	1	9884 263
22	15216	0.1	1	14942 274
23	19801	0.1	1	19447 354
24	30119	0.1	1	29762 357
25	12156	0.1	1	11908 248
26	20007	0.1	1	19636 371
27	41745	0.1	1	41338 407
28	12646	0.1	1	12401 245
29	20805	0.1	1	20520 285
30	17218	0.1	1	16957 261
31	18202	0.1	1	17949 253
32	15841	0.1	1	15567 274
33	28280	0.1	1	27977 303
34	13361	0.1	1	13101 260
35	20892	0.1	1	20531 361
36	55275	0.1	1	54872 403
37	2585	0.1	1	2380 205
38	20572	0.1	1	20344 228
39	7503	0.1	1	7333 170
40	12895	0.1	1	12614 281
41	28516	0.1	1	28268 248
42	7040	0.1	1	6805 235
43	25184	0.1	1	24926 258
44	8046	0.1	1	7772 274
45	30959	0.1	1	30702 257
46	6521	0.1	1	6356 165
47	11351	0.1	1	11144 207
48	20842	0.1	1	20597 245
49	11995	0.1	1	11785 210
50	15055	0.1	1	14847 208
51	11461	0.1	1	11244 217
52	24865	0.1	1	24660 205
53	3048	0.1	1	2856 192
54	16013	0.1	1	15815 198
55	15596	0.1	1	15416 180
56	9307	0.1	1	9082 225
57	30181	0.1	1	29907 274
58	22840	0.1	1	22640 200
59	6747	0.1	1	6571 176
60	10755	0.1	1	10574 181
61	7539	0.1	1	7418 121
62	12502	0.1	1	12361 141
63	2776	0.1	1	2647 129
64	9940	0.1	1	9781 159
65	6743	0.1	1	6625 118
66	6741	0.1	1	6586 155
67	13326	0.1	1	13161 165
68	4984	0.1	1	4857 127
69	2908	0.1	1	2763 145
70	10958	0.1	1	10834 124
71	1743	0.1	1	1640 103
72	7367	0.1	1	7244 123
73	9026	0.1	1	8860 166
74	11058	0.1	1	10888 170
75	9561	0.1	1	9488 73
76	831	0.1	1	774 57
77	2296	0.1	1	2202 94
78	5342	0.1	1	5244 98
79	6358	0.1	1	6249 109
80	6370	0.1	1	6272 98
81	6185	0.1	1	6090 95
82	6117	0.1	1	6014 103
83	6159	0.1	1	6053 106
84	6171	0.1	1	6049 122
85	5924	0.1	1	5821 103
86	5607	0.1	1	5514 93
87	5711	0.1	1	5620 91
88	5402	0.1	1	5302 100
89	5186	0.1	1	5102 84
90	5227	0.1	1	5142 85
91	4842	0.1	1	4778 64
92	4864	0.1	1	4782 82
93	4689	0.1	1	4614 75
94	4472	0.1	1	4402 70
95	4370	0.1	1	4298 72
96	4146	0.1	1	4081 65
97	4084	0.1	1	4025 59
98	4011	0.1	1	3953 58
99	3876	0.1	1	3814 62
100	3653	0.1	1	3596 57
101	3580	0.1	1	3526 54
102	3401	0.1	1	3343 58
103	3163	0.1	1	3124 39
104	3204	0.1	1	3139 65
105	3032	0.1	1	2983 49
106	2872	0.1	1	2826 46
107	2782	0.1	1	2735 47
108	2735	0.1	1	2679 56
109	2563	0.1	1	2530 33
110	2511	0.1	1	2481 30
111	2451	0.1	1	2418 33
112	2324	0.1	1	2293 31
113	2264	0.1	1	2226 38
114	2103	0.1	1	2073 30
115	1977	0.1	1	1947 30
116	2002	0.1	1	1979 23
117	1811	0.1	1	1792 19
118	1950	0.1	1	1920 30
119	1898	0.1	1	1859 39
120	1688	0.1	1	1668 20
121	1598	0.1	1	1577 21
122	1420	0.1	1	1402 18
123	1287	0.1	1	1263 24
124	1060	0.1	1	1040 20
125	956	0.1	1	945 11
126	731	0.1	1	721 10
127	579	0.1	1	563 16
128	443	0.1	1	434 9
129	193	0.1	1	188 5
130	83	0.1	1	81 2
131	32	0.1	1	30 2
132	12	0.1	1	9 3
133	13	0.1	1	13
134	13	0.1	1	11 2
135	13	0.1	1	12 1
136	8	0.1	1	8
137	11	0.1	1	8 3
138	15	0.1	1	14 1
139	13	0.1	1	12 1
140	11	0.1	1	11
141	13	0.1	1	11 2
142	8	0.1	1	7 1
143	15	0.1	1	11 4
144	16	0.1	1	15 1
145	38	0.1	1	38
146	14	0.1	1	12 2
147	35	0.1	1	34 1
148	33	0.1	1	29 4
149	15	0.1	1	11 4
150	110	0.1	1	53 57

RUN STATISTICS FOR INPUT FILE: NCPPB_4395.illumina.2.fastq.gz
=============================================
3465104 sequences processed in total

Total number of sequences analysed for the sequence pair length validation: 3465104

Number of sequence pairs removed because at least one read was shorter than the length cutoff (20 bp): 10011 (0.29%)
